25
1 2 3 4 5 8 10 11 12 13 14 15 16 17 19 20 21 25 26 34 35 36 39 41 45
1 1 1 1 1 1 1 1 1 1 0 1 1 1 1 1 1 1 1 1 1 1 1 1 1
10
165 166 167 168 169 170 171 172 173 174
1 1 1 0 0 1 1 1 0 0
19
131 133 135 138 150 151 153 155 158 165 166 167 168 169 170 171 172 173 174
1 1 0 1 1 1 1 1 1 1 1 1 1 1 1 1 1 1 1
34
14 15 16 17 72 112 114 115 116 119 120 123 125 129 130 131 133 135 138 150 151 153 155 158 165 166 167 168 169 170 171 172 173 174
1 1 0 0 0 1 1 1 1 1 1 1 1 1 1 1 1 1 1 1 1 1 1 1 1 1 1 1 1 1 1 1 1 1
19
131 133 135 138 150 151 153 155 158 165 166 167 168 169 170 171 172 173 174
1 0 1 0 1 0 1 1 1 1 1 1 1 1 0 0 1 1 1
19
131 133 135 138 150 151 153 155 158 165 166 167 168 169 170 171 172 173 174
0 0 0 1 1 1 0 0 1 1 0 1 1 0 0 1 1 1 0
19
131 133 135 138 150 151 153 155 158 165 166 167 168 169 170 171 172 173 174
1 0 1 1 0 1 1 1 1 1 1 1 0 0 1 0 0 0 0
5
1 2 3 4 5
1 1 1 1 0
24
4 5 52 73 74 131 133 135 138 150 151 153 155 158 165 166 167 168 169 170 171 172 173 174
1 1 0 0 0 1 0 1 1 0 1 1 0 1 1 0 1 1 0 1 1 1 1 1
19
131 133 135 138 150 151 153 155 158 165 166 167 168 169 170 171 172 173 174
1 0 0 1 0 1 0 0 1 0 0 1 1 0 1 0 0 1 0
6
1 2 3 19 20 21
1 1 1 1 0 0
96
1 2 3 4 5 8 10 11 12 13 14 15 16 17 19 20 21 25 26 34 35 36 39 41 45 48 49 50 52 53 54 55 56 57 60 61 62 64 65 68 72 73 74 75 76 77 78 79 83 84 85 86 87 88 91 92 95 96 97 98 99 104 105 106 107 108 109 112 114 115 116 119 120 123 125 129 130 131 133 135 138 150 151 153 155 158 165 166 167 168 169 170 171 172 173 174
1 1 1 1 1 0 0 1 1 1 0 1 0 0 1 1 0 0 0 0 0 0 0 0 0 1 0 0 0 0 0 0 1 0 1 0 0 1 1 1 0 0 0 0 0 0 0 0 0 1 0 0 1 0 0 1 0 1 0 0 0 0 0 0 0 0 0 0 0 0 0 0 0 0 1 0 0 0 0 1 1 0 0 1 0 0 0 0 0 0 0 0 1 0 0 0
20
1 2 3 4 5 8 10 11 12 13 14 15 16 17 19 20 21 25 26 34
1 1 1 1 0 1 1 1 1 1 1 1 1 1 1 1 1 1 1 1
24
1 2 3 4 5 8 10 11 12 13 14 15 16 17 19 20 21 25 26 34 35 36 39 41
1 1 1 1 1 1 0 0 0 1 0 1 1 0 1 1 0 0 1 0 1 1 0 0
96
1 2 3 4 5 8 10 11 12 13 14 15 16 17 19 20 21 25 26 34 35 36 39 41 45 48 49 50 52 53 54 55 56 57 60 61 62 64 65 68 72 73 74 75 76 77 78 79 83 84 85 86 87 88 91 92 95 96 97 98 99 104 105 106 107 108 109 112 114 115 116 119 120 123 125 129 130 131 133 135 138 150 151 153 155 158 165 166 167 168 169 170 171 172 173 174
1 1 1 0 1 1 0 1 1 1 0 1 1 0 1 1 0 0 0 0 0 1 0 1 0 0 0 1 0 0 1 0 1 0 1 0 1 1 1 1 1 0 1 0 0 0 0 0 1 1 0 0 0 0 0 0 0 0 0 0 1 0 0 0 0 0 0 0 0 0 0 0 0 0 0 0 0 1 0 0 1 1 0 1 0 0 0 0 0 1 0 1 1 0 0 1
94
1 2 3 4 5 8 10 11 12 13 14 15 16 17 19 25 26 34 35 36 39 41 45 48 49 50 52 53 54 55 56 57 60 61 62 64 65 68 72 73 74 75 76 77 78 79 83 84 85 86 87 88 91 92 95 96 97 98 99 104 105 106 107 108 109 112 114 115 116 119 120 123 125 129 130 131 133 135 138 150 151 153 155 158 165 166 167 168 169 170 171 172 173 174
0 1 1 1 1 1 0 1 1 0 1 0 1 0 1 1 0 0 0 0 1 1 0 0 0 0 0 0 0 0 1 0 1 0 0 0 0 1 0 0 0 0 0 0 0 1 0 0 0 0 0 0 0 0 0 0 0 0 1 0 0 0 0 0 0 0 0 0 0 0 0 0 0 0 0 1 0 0 0 0 0 1 0 0 0 0 0 1 0 1 1 0 0 0
96
1 2 3 4 5 8 10 11 12 13 14 15 16 17 19 20 21 25 26 34 35 36 39 41 45 48 49 50 52 53 54 55 56 57 60 61 62 64 65 68 72 73 74 75 76 77 78 79 83 84 85 86 87 88 91 92 95 96 97 98 99 104 105 106 107 108 109 112 114 115 116 119 120 123 125 129 130 131 133 135 138 150 151 153 155 158 165 166 167 168 169 170 171 172 173 174
0 1 1 1 0 1 0 1 1 1 0 0 0 0 1 1 0 1 0 0 1 0 0 0 1 1 0 1 0 0 1 1 0 0 1 0 0 0 1 1 0 0 0 0 0 0 0 1 0 0 0 0 0 0 1 0 0 0 0 0 1 0 0 0 0 1 1 1 0 0 0 0 1 0 1 0 0 1 0 1 1 1 0 1 0 0 0 1 1 0 0 1 1 1 0 0
96
1 2 3 4 5 8 10 11 12 13 14 15 16 17 19 20 21 25 26 34 35 36 39 41 45 48 49 50 52 53 54 55 56 57 60 61 62 64 65 68 72 73 74 75 76 77 78 79 83 84 85 86 87 88 91 92 95 96 97 98 99 104 105 106 107 108 109 112 114 115 116 119 120 123 125 129 130 131 133 135 138 150 151 153 155 158 165 166 167 168 169 170 171 172 173 174
1 1 1 0 1 1 1 1 1 0 1 0 0 0 0 0 0 1 0 0 1 1 1 0 0 0 0 0 0 0 0 0 0 0 0 0 0 0 0 0 0 0 1 0 0 0 0 0 0 0 0 0 0 0 0 1 0 0 0 0 0 0 0 0 0 0 0 0 0 0 0 0 0 0 1 0 0 0 0 0 0 0 0 0 0 0 1 0 0 1 0 0 0 1 0 1
66
1 2 3 4 5 8 10 11 12 13 14 15 16 17 19 20 21 25 26 34 35 36 39 41 45 48 49 50 52 54 55 56 57 60 61 62 64 65 68 72 73 74 75 76 77 78 79 83 84 85 86 87 88 91 92 95 96 97 98 99 104 105 106 107 108 109
0 1 1 1 1 1 0 1 1 1 0 1 0 1 1 1 0 0 0 0 0 0 0 0 1 0 0 0 0 0 0 0 0 0 0 0 1 1 1 1 0 1 0 0 0 1 1 0 1 0 0 1 0 1 1 0 0 1 1 0 0 0 0 0 0 0
96
1 2 3 4 5 8 10 11 12 13 14 15 16 17 19 20 21 25 26 34 35 36 39 41 45 48 49 50 52 53 54 55 56 57 60 61 62 64 65 68 72 73 74 75 76 77 78 79 83 84 85 86 87 88 91 92 95 96 97 98 99 104 105 106 107 108 109 112 114 115 116 119 120 123 125 129 130 131 133 135 138 150 151 153 155 158 165 166 167 168 169 170 171 172 173 174
0 0 1 1 1 0 0 1 1 1 1 0 0 0 1 1 1 1 0 1 1 1 0 0 1 0 0 1 0 0 1 0 1 1 1 1 0 1 0 0 0 0 0 0 0 1 0 0 1 0 0 1 1 1 0 0 0 1 1 1 0 0 0 0 0 1 0 1 0 1 0 0 0 0 0 0 1 1 0 1 0 0 1 0 0 1 1 0 1 1 1 1 0 1 0 1
19
1 2 3 4 5 8 10 11 12 13 14 15 16 17 19 20 21 25 26
1 1 1 1 1 0 1 1 1 1 0 1 1 1 1 1 0 1 1
14
1 2 3 8 10 11 12 13 14 15 16 17 25 26
1 1 1 0 1 1 0 1 1 1 1 0 1 1
5
1 2 3 4 5
0 1 1 1 1
61
1 2 3 4 5 8 10 11 12 13 14 15 16 17 19 20 21 25 26 34 35 36 39 41 45 48 49 50 52 53 54 55 56 57 60 61 62 64 65 72 73 74 75 76 77 78 79 83 84 85 86 87 88 91 92 95 96 97 98 99 104
1 1 1 1 1 1 1 1 1 1 1 1 1 1 1 1 0 1 1 1 1 1 1 1 1 1 1 1 1 1 1 1 1 1 1 1 1 1 1 1 1 1 1 1 1 1 1 1 1 1 1 1 1 1 1 1 1 1 1 1 0
48
1 2 3 4 5 8 10 11 12 13 14 15 16 17 19 20 21 25 26 34 35 36 39 41 45 48 49 50 52 53 54 55 56 57 60 61 62 64 65 68 72 73 74 75 76 77 78 79
0 1 1 1 1 0 0 1 1 1 1 1 1 1 1 1 1 1 1 1 1 1 1 1 1 1 1 1 0 1 1 1 1 1 1 1 1 1 1 1 1 1 1 1 1 1 1 1
67
1 2 3 4 5 8 10 11 12 13 14 15 16 17 19 20 21 25 26 34 35 36 39 41 45 48 49 50 52 53 54 55 56 57 60 61 62 64 65 68 72 73 74 75 76 77 78 79 83 84 85 86 87 88 91 92 95 96 97 98 99 104 105 106 107 108 109
1 1 1 1 1 1 1 0 1 1 1 1 1 1 1 0 1 0 1 1 1 1 1 1 1 1 1 1 1 1 1 1 1 1 0 1 1 1 1 1 1 1 1 1 1 1 1 1 1 1 1 1 1 1 1 1 1 1 1 1 1 1 1 1 1 0 1
67
1 2 3 4 5 8 10 11 12 13 14 15 16 17 19 20 21 25 26 34 35 36 39 41 45 48 49 50 52 53 54 55 56 57 60 61 62 64 65 68 72 73 74 75 76 77 78 79 83 84 85 86 87 88 91 92 95 96 97 98 99 104 105 106 107 108 109
1 1 1 1 1 1 1 1 1 1 1 1 1 1 1 1 1 1 1 1 1 1 1 1 1 1 1 1 1 1 1 1 1 1 1 1 1 1 1 1 1 1 1 1 1 1 1 1 1 1 1 0 1 1 1 1 1 1 1 1 1 1 1 1 1 1 1
56
1 2 3 4 5 8 10 25 26 34 35 36 39 41 45 48 49 50 52 53 54 55 56 57 61 62 64 65 68 72 73 74 75 76 77 78 79 83 84 85 86 87 88 91 92 95 96 97 98 99 104 105 106 107 108 109
1 1 1 1 0 1 1 1 1 1 1 1 1 1 1 0 1 1 1 1 1 1 1 1 1 1 1 1 1 1 0 0 0 1 1 1 1 1 1 1 1 1 1 0 1 1 1 1 1 1 0 1 1 1 1 1
96
1 2 3 4 5 8 10 11 12 13 14 15 16 17 19 20 21 25 26 34 35 36 39 41 45 48 49 50 52 53 54 55 56 57 60 61 62 64 65 68 72 73 74 75 76 77 78 79 83 84 85 86 87 88 91 92 95 96 97 98 99 104 105 106 107 108 109 112 114 115 116 119 120 123 125 129 130 131 133 135 138 150 151 153 155 158 165 166 167 168 169 170 171 172 173 174
0 1 1 0 1 0 0 1 1 1 1 1 0 0 0 0 0 1 1 0 0 1 1 0 0 0 0 1 0 0 0 1 1 1 0 0 0 0 1 0 0 0 0 0 0 0 1 0 0 1 0 1 0 1 0 1 0 0 0 0 1 0 0 0 0 0 0 1 0 0 0 0 0 0 0 1 1 0 0 1 0 0 1 1 1 0 1 0 1 0 1 0 0 1 1 0
28
1 2 3 4 5 8 10 11 12 13 14 15 16 17 19 20 21 25 26 34 35 36 39 41 45 48 49 50
1 1 1 1 1 1 0 1 1 1 1 1 1 0 1 1 1 1 1 1 1 1 1 1 1 1 1 1
22
1 2 3 4 5 8 10 11 12 13 14 15 16 17 25 26 34 35 36 39 41 45
1 1 1 1 1 0 1 1 1 0 1 0 1 0 1 1 1 0 0 0 0 0
83
1 2 3 4 5 8 10 11 12 13 14 15 16 17 19 20 21 25 26 34 35 36 39 41 45 48 49 50 54 55 56 57 60 61 62 64 65 68 72 73 74 75 76 77 78 79 83 84 85 86 87 88 91 92 95 96 97 98 99 104 105 106 107 108 109 112 114 115 116 119 120 123 125 129 130 131 133 135 138 150 153 166 172
1 1 1 1 1 0 0 1 0 0 1 0 0 0 1 1 0 1 1 1 1 1 0 1 0 0 0 0 0 0 0 0 1 0 1 1 0 0 0 0 1 0 0 0 0 0 1 1 0 0 0 0 0 0 1 0 0 0 0 0 0 0 0 0 0 0 0 0 0 0 0 1 0 1 0 0 0 1 0 1 1 0 0
40
11 12 13 19 20 21 25 26 39 41 45 48 49 52 53 55 95 96 97 98 99 131 133 135 138 150 151 153 155 158 165 166 167 168 169 170 171 172 173 174
0 1 1 1 1 1 1 1 1 1 1 0 0 0 1 0 1 1 1 1 1 1 1 1 1 1 1 1 1 1 1 0 1 0 1 1 1 0 0 1
15
150 151 153 155 158 165 166 167 168 169 170 171 172 173 174
1 0 1 0 1 1 0 1 0 0 0 1 0 0 1
19
131 133 135 138 150 151 153 155 158 165 166 167 168 169 170 171 172 173 174
1 0 1 1 1 0 0 1 1 1 1 1 0 1 1 1 1 1 0
19
131 133 135 138 150 151 153 155 158 165 166 167 168 169 170 171 172 173 174
1 1 1 1 1 1 1 1 1 1 0 1 1 1 1 1 1 1 1
19
131 133 135 138 150 151 153 155 158 165 166 167 168 169 170 171 172 173 174
1 1 1 1 1 1 0 0 1 1 1 1 0 1 0 1 1 1 1
19
131 133 135 138 150 151 153 155 158 165 166 167 168 169 170 171 172 173 174
0 0 0 0 1 1 1 0 1 1 1 1 1 0 1 0 0 0 1
19
131 133 135 138 150 151 153 155 158 165 166 167 168 169 170 171 172 173 174
1 1 0 1 1 1 1 1 1 1 1 1 1 1 1 1 1 1 1
8
34 35 36 39 41 45 48 49
1 0 0 1 1 1 0 0
5
4 5 19 20 21
1 1 1 1 0
17
1 2 3 4 5 8 10 11 12 13 14 15 16 17 19 20 21
1 1 1 1 1 1 1 1 0 0 1 1 0 0 1 1 0
11
56 57 60 62 64 65 68 75 77 78 79
1 0 0 0 1 1 1 1 1 0 1
7
1 2 3 4 5 8 10
1 0 1 1 1 0 1
5
153 166 167 168 170
1 0 1 1 1
16
4 5 8 10 11 12 13 14 15 16 17 19 20 21 25 26
1 1 1 1 1 1 1 0 0 0 0 1 1 0 1 1
69
1 2 3 10 11 12 13 14 15 16 17 19 20 21 25 26 34 35 36 39 41 45 48 49 50 52 53 54 55 56 57 60 61 62 64 65 68 72 73 74 75 76 77 78 79 107 108 109 115 116 119 120 123 125 150 151 153 155 158 165 166 167 168 169 170 171 172 173 174
1 1 1 0 1 1 1 1 1 0 0 1 1 0 1 0 0 0 1 0 1 1 0 0 0 0 0 1 0 1 0 0 0 1 0 0 1 0 0 0 0 0 0 0 1 0 0 0 0 0 0 0 0 0 0 1 0 0 0 0 0 0 0 0 1 1 1 1 0
40
95 96 97 98 99 104 105 106 107 108 109 112 114 115 116 119 120 123 125 129 130 131 133 135 138 150 151 153 155 158 165 166 167 168 169 170 171 172 173 174
0 0 0 0 1 1 0 0 0 0 0 0 0 0 0 0 0 1 1 0 0 1 0 1 0 0 0 0 0 0 0 0 0 0 0 1 1 0 0 1
22
1 2 3 4 5 8 10 11 12 13 14 15 16 17 19 20 21 25 26 34 35 36
1 1 1 1 1 1 1 1 0 1 1 0 1 1 1 1 1 1 1 1 1 1
5
8 10 11 12 13
1 0 1 1 1
14
1 2 3 4 5 8 10 11 12 13 14 15 16 17
1 1 1 0 1 0 1 1 1 1 1 0 1 0
13
1 2 3 11 12 13 14 15 16 17 19 20 21
1 1 1 1 0 1 1 1 1 0 1 1 0
19
1 2 3 4 5 8 10 11 12 13 14 15 16 17 19 20 21 25 26
0 1 1 1 1 1 0 1 1 1 1 0 1 0 1 1 0 1 1
13
1 2 3 4 5 8 10 11 12 13 19 20 21
1 1 1 0 1 0 0 1 1 0 1 0 0
8
1 2 3 4 5 19 20 21
1 1 1 1 1 1 1 0
40
1 2 3 4 5 8 10 11 12 13 14 15 16 17 19 20 21 25 26 34 35 36 39 41 45 48 49 50 52 53 54 55 56 57 60 61 62 64 65 68
1 1 1 1 1 0 1 1 1 1 1 1 1 1 1 1 1 1 0 1 1 1 1 1 1 0 0 1 0 1 1 1 1 1 1 0 1 0 0 1
6
1 2 3 4 5 8
1 1 1 0 0 0
7
1 2 3 4 5 8 10
1 1 1 1 1 0 1
30
1 2 3 4 5 8 10 11 12 13 14 15 16 17 19 20 21 25 26 34 35 36 39 41 45 48 49 50 52 53
1 1 1 1 1 0 0 1 1 1 1 0 0 0 1 1 0 1 1 1 0 1 1 1 1 1 1 0 0 1
65
1 2 3 4 5 8 10 11 12 13 14 15 16 17 19 20 21 25 26 34 35 36 39 41 45 48 49 50 52 53 54 55 56 57 68 72 73 74 75 76 77 83 84 85 86 87 88 91 92 95 96 97 98 99 104 105 107 108 109 112 114 115 116 119 120
1 1 1 1 1 1 1 1 1 1 1 0 1 1 1 1 0 1 1 1 1 1 1 1 1 1 1 1 1 1 1 1 1 1 1 1 0 1 1 0 1 1 1 0 1 1 1 0 1 1 1 1 1 1 1 1 1 1 1 1 1 1 1 1 0
16
4 5 8 10 11 12 13 14 15 16 17 19 20 21 25 26
1 1 0 0 1 1 1 1 1 1 0 1 1 0 1 0
79
25 26 34 35 36 39 41 45 48 49 50 52 53 54 55 56 57 60 61 62 64 65 68 72 73 74 75 76 77 78 79 83 84 85 86 87 88 91 92 95 96 97 98 99 104 105 106 107 108 109 112 114 115 116 119 120 123 125 129 130 131 133 135 138 150 151 153 155 158 165 166 167 168 169 170 171 172 173 174
0 0 0 0 1 1 0 1 1 1 0 0 0 0 1 0 0 0 0 0 0 0 0 0 0 1 0 0 0 0 1 0 1 0 0 0 0 0 0 1 0 0 0 0 0 0 0 0 0 0 1 0 0 0 0 0 1 0 0 0 0 0 1 0 1 0 0 1 1 1 0 1 0 0 0 0 1 0 1
5
1 2 3 4 5
1 1 0 1 1
30
17 112 114 115 116 119 120 123 125 129 130 131 133 135 138 150 151 153 155 158 165 166 167 168 169 170 171 172 173 174
0 0 0 1 0 0 0 1 0 0 0 1 0 0 1 0 0 0 0 0 1 0 0 0 0 0 0 0 0 1
6
34 35 36 39 41 45
0 1 1 1 1 1
17
1 2 3 4 5 11 12 13 14 15 16 17 19 20 21 119 120
1 1 1 1 1 1 1 1 1 0 1 0 1 1 0 0 0
21
52 53 131 133 135 138 150 151 153 155 158 165 166 167 168 169 170 171 172 173 174
0 0 0 1 1 1 0 0 0 0 0 0 0 0 1 0 0 0 0 1 1
61
56 57 60 61 62 64 65 68 72 73 74 75 76 77 78 79 83 84 85 86 87 88 91 92 95 96 97 99 104 105 106 107 108 109 112 114 115 116 119 120 123 125 129 130 135 138 150 151 153 155 158 165 166 167 168 169 170 171 172 173 174
0 0 1 0 0 0 0 1 0 0 0 0 0 0 0 0 0 1 0 0 0 0 0 1 0 0 0 0 0 0 0 0 0 0 0 0 0 0 0 0 1 0 1 0 1 1 0 0 0 0 0 1 0 1 0 0 0 0 0 0 1
23
1 2 3 4 112 114 115 116 119 120 123 125 129 130 131 133 135 138 150 151 153 155 158
1 1 1 0 0 0 0 0 0 0 0 1 0 0 1 0 0 1 1 0 1 0 0
96
1 2 3 4 5 8 10 11 12 13 14 15 16 17 19 20 21 25 26 34 35 36 39 41 45 48 49 50 52 53 54 55 56 57 60 61 62 64 65 68 72 73 74 75 76 77 78 79 83 84 85 86 87 88 91 92 95 96 97 98 99 104 105 106 107 108 109 112 114 115 116 119 120 123 125 129 130 131 133 135 138 150 151 153 155 158 165 166 167 168 169 170 171 172 173 174
0 1 1 0 1 0 0 0 0 0 0 1 0 0 0 0 0 0 0 0 1 0 1 1 0 0 0 0 0 0 0 0 1 0 1 0 0 0 0 1 0 1 0 0 0 0 0 0 0 0 0 0 1 0 0 0 0 0 0 0 1 0 0 0 0 0 0 0 0 0 0 1 0 0 0 0 0 1 1 0 0 0 0 1 0 0 0 1 0 1 0 1 1 0 0 1
96
1 2 3 4 5 8 10 11 12 13 14 15 16 17 19 20 21 25 26 34 35 36 39 41 45 48 49 50 52 53 54 55 56 57 60 61 62 64 65 68 72 73 74 75 76 77 78 79 83 84 85 86 87 88 91 92 95 96 97 98 99 104 105 106 107 108 109 112 114 115 116 119 120 123 125 129 130 131 133 135 138 150 151 153 155 158 165 166 167 168 169 170 171 172 173 174
0 1 1 1 1 1 0 1 1 1 1 0 1 1 1 1 0 0 0 0 0 0 0 1 0 1 0 1 0 0 1 0 0 1 1 1 0 1 0 1 0 0 0 0 0 0 1 0 0 0 0 0 0 0 0 0 0 1 0 1 0 1 0 0 0 0 0 1 0 0 0 0 0 0 0 0 0 1 0 0 0 1 0 1 0 0 0 1 1 0 0 1 1 1 0 0
94
1 2 3 4 5 8 10 11 14 15 16 17 19 20 21 25 26 34 35 36 39 41 45 48 49 50 52 53 54 55 56 57 60 61 62 64 65 68 72 73 74 75 76 77 78 79 83 84 85 86 87 88 91 92 95 96 97 98 99 104 105 106 107 108 109 112 114 115 116 119 120 123 125 129 130 131 133 135 138 150 151 153 155 158 165 166 167 168 169 170 171 172 173 174
0 1 1 1 1 1 0 1 0 0 0 0 1 0 0 0 0 0 0 0 0 0 0 0 0 0 0 0 0 0 1 0 0 0 0 1 0 1 0 0 0 0 0 0 0 1 0 1 0 0 0 1 0 1 0 0 0 1 0 0 0 0 0 0 0 0 0 0 0 0 0 0 1 0 0 1 1 0 0 0 0 1 0 0 0 1 0 1 0 1 1 0 0 0
54
1 2 3 4 5 8 10 11 12 13 14 15 16 17 19 20 21 25 26 56 57 60 61 62 64 65 68 72 73 74 75 76 77 78 79 83 84 85 86 87 88 91 92 95 96 97 98 99 104 105 106 107 108 109
0 1 0 0 1 1 1 0 1 1 0 1 0 1 1 0 0 1 0 1 0 1 0 1 0 1 1 0 0 0 0 1 1 1 1 1 1 0 0 0 0 0 1 1 0 0 0 1 0 0 0 0 0 0
46
1 2 3 4 5 8 10 11 12 13 14 15 16 17 19 20 21 25 26 34 35 36 39 41 45 48 49 83 84 85 86 87 88 91 92 95 96 97 98 99 104 105 106 107 108 109
0 1 1 0 1 1 0 0 1 1 1 1 1 1 1 0 0 1 0 0 0 1 1 1 0 0 0 0 1 0 0 0 1 0 1 0 1 0 0 1 0 0 0 0 0 0
32
1 2 3 4 5 8 10 11 12 13 14 15 16 17 19 20 21 25 26 34 35 36 39 41 45 48 49 50 52 53 54 55
1 1 1 1 1 0 1 1 1 1 1 0 0 0 1 0 1 0 0 0 0 0 1 1 1 1 1 1 0 0 1 1
29
1 2 3 4 5 8 10 11 12 13 14 15 16 17 19 20 21 25 26 34 35 36 39 41 45 50 54 60 62
0 1 1 1 1 1 0 1 1 1 1 0 0 1 1 1 0 1 0 0 0 1 0 1 1 1 1 0 1
17
1 2 3 4 5 8 10 11 12 13 14 15 16 17 19 20 21
1 1 1 1 1 1 1 1 1 1 0 1 1 0 1 0 0
56
1 2 3 4 5 8 10 11 12 13 14 15 16 17 19 20 21 25 26 34 35 36 39 41 45 48 49 50 52 53 54 55 56 57 60 61 62 64 65 68 72 73 74 75 76 77 78 79 83 84 85 86 87 88 91 92
0 1 1 1 0 1 0 0 1 1 0 0 1 0 0 0 0 1 0 1 0 0 0 0 0 0 0 1 0 0 0 1 0 0 0 0 1 1 1 1 0 0 0 0 0 0 0 0 1 1 0 0 0 0 0 0
6
1 2 3 4 5 8
0 0 0 0 1 1
13
1 2 3 4 5 8 10 11 12 13 14 15 16
1 1 1 1 1 0 1 1 0 0 1 0 1
17
1 2 3 4 5 8 10 11 12 13 14 15 16 17 19 20 21
1 1 1 1 1 0 1 1 1 1 1 0 0 0 1 1 0
40
26 34 35 36 45 48 49 50 52 53 56 57 60 61 62 64 65 73 74 75 76 77 95 96 104 105 106 107 108 109 112 114 115 116 119 120 129 130 131 133
0 1 1 0 1 1 0 1 1 1 1 1 1 0 0 0 0 1 1 0 0 0 1 0 1 0 0 0 1 0 1 0 1 0 0 0 0 0 1 0
5
131 133 135 138 155
0 1 0 1 1
17
1 2 3 4 5 8 10 11 12 13 14 15 16 17 19 20 21
1 1 1 1 1 1 1 1 0 1 0 0 0 1 1 1 0
5
1 2 3 4 5
1 0 1 1 1
17
1 2 3 4 5 8 10 11 12 13 14 15 16 17 19 20 21
1 1 1 1 1 0 0 1 0 1 1 0 1 1 1 1 0
49
68 83 84 85 86 87 88 91 92 95 96 97 98 99 104 105 106 107 108 109 112 114 115 116 119 120 123 125 129 130 131 133 135 138 150 151 153 155 158 165 166 167 168 169 170 171 172 173 174
0 0 0 0 0 0 0 0 1 0 0 0 0 0 0 0 0 0 0 0 0 0 0 0 1 0 0 1 0 0 0 0 0 1 0 0 0 1 0 1 0 0 0 0 1 0 0 1 0
74
39 41 45 48 49 50 52 53 54 55 56 57 60 61 62 64 65 68 72 73 74 75 76 77 78 79 83 84 85 86 87 88 91 92 95 96 97 98 99 104 105 106 107 108 109 112 114 115 116 119 120 123 125 129 130 131 133 135 138 150 151 153 155 158 165 166 167 168 169 170 171 172 173 174
1 0 1 0 0 1 0 0 1 0 1 1 0 1 0 0 0 0 0 0 0 0 0 0 0 1 0 0 0 0 0 0 0 0 0 0 0 0 0 0 0 0 0 0 0 0 0 0 0 0 1 0 0 0 0 1 0 0 0 0 0 1 0 0 0 1 0 0 0 1 1 1 0 1
30
41 45 52 72 73 74 76 77 78 79 87 88 104 106 107 108 109 133 153 155 165 166 167 168 169 170 171 172 173 174
1 1 1 1 1 1 1 1 1 1 1 1 1 1 0 1 1 1 1 1 1 1 1 1 1 1 1 1 1 1
7
1 2 3 4 5 8 10
1 1 1 1 1 0 1
36
1 2 3 4 5 8 10 11 12 13 14 15 16 17 19 20 21 25 26 34 35 36 39 41 45 48 49 50 52 54 56 57 61 62 64 65
1 1 1 1 1 0 0 1 1 0 1 1 1 0 1 1 0 0 1 1 1 1 1 1 1 0 0 0 1 1 1 1 1 1 1 0
22
1 2 3 4 5 8 10 11 12 13 14 15 16 17 19 20 21 25 26 34 35 36
1 1 1 1 0 0 0 0 1 1 1 0 1 0 0 0 0 0 1 1 1 0
17
1 2 3 4 5 8 10 11 12 13 14 15 16 17 19 20 21
1 1 1 1 1 0 1 1 0 1 1 0 1 1 1 1 0
79
25 26 34 35 36 39 41 45 48 49 50 52 53 54 55 56 57 60 61 62 64 65 68 72 73 74 75 76 77 78 79 83 84 85 86 87 88 91 92 95 96 97 98 99 104 105 106 107 108 109 112 114 115 116 119 120 123 125 129 130 131 133 135 138 150 151 153 155 158 165 166 167 168 169 170 171 172 173 174
1 1 1 1 1 1 1 1 1 1 1 0 1 1 1 1 1 1 1 1 1 1 0 1 1 1 1 1 1 1 1 1 1 1 1 1 1 1 1 1 1 1 1 1 1 1 1 1 1 1 1 1 1 1 1 1 1 1 1 1 1 1 1 1 1 1 1 1 1 1 0 1 1 1 1 1 1 1 1
17
1 2 3 4 5 8 10 11 12 13 14 15 16 17 19 20 21
1 1 1 1 1 0 0 1 0 1 0 0 1 0 1 1 0
19
131 133 135 138 150 151 153 155 158 165 166 167 168 169 170 171 172 173 174
1 1 0 0 0 1 0 0 0 0 0 0 1 0 0 0 0 1 1
13
1 2 3 4 5 8 10 11 12 13 14 15 16
1 1 1 1 1 0 1 1 1 0 1 1 0
35
104 105 106 107 108 109 112 114 115 116 119 120 123 125 129 130 131 133 135 138 150 151 153 155 158 165 166 167 168 169 170 171 172 173 174
1 1 1 1 1 1 1 1 1 1 1 1 0 1 1 1 1 1 1 1 1 1 1 1 1 1 1 1 1 1 1 1 1 1 0
27
54 55 119 120 123 125 129 130 131 133 135 138 150 151 153 155 158 165 166 167 168 169 170 171 172 173 174
1 0 0 1 1 1 1 1 0 1 1 1 1 1 1 1 1 1 1 1 1 1 1 1 1 1 1
5
34 35 36 39 41
0 0 1 1 1
22
78 79 83 84 85 86 87 88 91 92 95 96 97 98 99 104 105 106 107 108 109 112
0 0 0 1 0 0 0 0 0 0 0 0 0 0 1 0 0 0 0 0 0 0
5
1 2 3 4 5
0 1 1 1 1
19
1 2 3 4 5 8 10 11 12 13 25 26 34 35 36 39 41 45 48
1 1 1 1 1 0 1 1 0 0 1 0 1 1 0 1 0 1 0
79
25 26 34 35 36 39 41 45 48 49 50 52 53 54 55 56 57 60 61 62 64 65 68 72 73 74 75 76 77 78 79 83 84 85 86 87 88 91 92 95 96 97 98 99 104 105 106 107 108 109 112 114 115 116 119 120 123 125 129 130 131 133 135 138 150 151 153 155 158 165 166 167 168 169 170 171 172 173 174
1 1 1 1 1 1 1 1 1 1 1 1 1 1 1 1 1 1 1 1 1 1 1 1 1 1 1 1 1 1 1 1 1 1 1 1 1 1 1 1 1 1 1 1 1 1 0 1 1 1 1 1 1 1 1 1 1 1 1 1 1 1 1 1 1 1 1 1 1 1 1 1 1 1 1 1 0 0 1
5
1 2 3 4 5
0 1 1 1 1
38
83 84 85 86 87 88 91 92 95 96 97 98 99 104 105 106 107 108 109 112 114 115 116 119 120 123 125 129 130 131 133 135 138 150 151 153 155 158
0 0 0 1 0 0 0 1 0 1 1 1 0 0 1 0 0 0 0 1 0 0 0 0 0 1 0 0 1 1 1 1 1 0 0 1 0 1
5
34 56 57 60 88
1 1 1 0 0
11
1 2 3 4 5 8 10 11 12 13 17
0 1 1 1 1 1 0 1 0 1 0
5
1 2 3 4 5
1 0 1 1 1
19
1 2 3 4 5 8 10 11 12 13 14 15 16 17 19 20 21 25 26
0 1 1 1 1 1 1 1 0 1 1 0 1 0 1 1 0 1 0
5
11 12 13 56 57
1 1 1 0 1
25
50 52 53 54 55 56 57 60 61 62 64 65 72 73 74 75 76 77 78 79 83 84 85 86 87
1 1 1 1 1 1 0 0 1 1 1 1 0 0 1 1 0 0 1 1 0 1 0 1 0
95
1 2 3 4 5 8 10 11 12 13 14 15 16 17 19 20 21 25 26 34 35 36 39 41 45 48 49 50 52 53 54 55 56 57 60 61 62 64 65 68 72 73 74 75 76 77 78 79 83 84 85 86 87 88 91 92 95 96 97 98 99 104 105 106 107 108 109 112 114 115 116 119 120 123 125 129 130 131 133 135 138 150 151 153 155 158 165 166 167 168 169 170 171 172 173
1 1 1 1 1 1 1 1 1 1 0 1 1 1 1 1 1 1 1 1 1 1 1 1 1 0 1 1 1 1 1 1 1 1 1 1 1 1 1 1 1 1 1 1 1 1 1 1 1 1 1 1 1 1 1 1 1 1 1 1 1 1 1 1 1 1 1 1 1 1 1 1 1 1 1 1 1 1 1 1 1 1 1 1 1 1 1 1 1 1 1 1 1 1 1
18
1 2 3 4 5 8 10 11 12 13 14 15 16 17 19 20 21 34
1 1 1 1 1 0 1 1 1 1 1 0 1 0 1 1 1 1
9
4 5 8 10 11 12 13 35 36
1 1 1 0 1 1 1 1 1
7
1 2 3 4 5 8 10
1 1 1 0 0 0 0
17
1 2 3 4 5 8 10 11 12 13 14 15 16 17 19 20 21
1 1 1 1 1 1 1 1 1 1 1 0 0 1 1 1 0
19
131 133 135 138 150 151 153 155 158 165 166 167 168 169 170 171 172 173 174
1 0 1 1 0 1 1 1 1 1 0 1 0 0 0 1 0 1 0
5
34 35 36 39 41
1 0 1 1 1
5
1 2 3 4 5
1 1 1 1 0
5
8 10 11 12 13
0 1 0 0 1
7
1 2 3 4 5 8 10
1 1 1 0 0 0 1
22
1 2 3 4 5 8 10 11 12 13 14 15 16 17 25 26 34 35 36 39 41 45
0 0 1 1 1 1 1 1 0 0 1 1 1 0 1 1 0 1 0 1 1 0
5
1 2 3 4 5
1 1 0 1 1
58
25 26 34 35 36 39 41 45 48 49 50 52 53 54 55 56 57 60 61 62 64 65 68 72 73 74 75 76 77 78 79 83 84 85 86 87 88 91 92 95 96 97 98 99 104 105 106 109 112 114 115 116 119 120 123 125 129 130
1 1 0 1 1 1 0 1 1 1 0 1 1 1 1 1 0 1 1 1 1 0 1 0 0 1 1 1 1 0 1 0 0 0 0 1 1 1 1 1 1 1 1 1 0 1 0 1 1 1 1 0 0 1 1 0 1 0
6
1 2 3 4 5 10
1 0 1 1 1 1
6
131 150 151 158 171 172
1 1 0 1 1 1
19
1 2 3 4 5 8 10 11 12 13 14 15 16 17 19 20 21 25 26
1 1 1 1 0 1 1 1 0 0 1 1 0 0 1 0 0 1 0
7
95 96 99 104 150 151 153
0 1 0 1 1 0 1
17
1 2 3 4 5 8 10 11 12 13 14 15 16 17 19 20 21
1 1 1 1 1 0 1 1 1 1 1 0 1 0 1 1 1
22
1 2 3 1 2 3 4 5 8 10 11 12 13 14 15 16 17 19 20 21 25 26
1 1 1 1 1 1 0 1 0 0 1 1 0 1 1 1 0 1 1 0 1 1
65
1 2 3 4 5 8 10 11 12 13 14 15 16 17 19 20 21 25 26 34 35 36 39 41 45 48 49 50 52 53 54 55 56 57 61 62 64 68 72 73 74 75 76 77 78 79 83 84 85 86 87 88 91 92 95 96 97 98 99 104 105 106 107 108 109
1 1 1 1 1 1 1 0 1 0 1 0 1 0 1 1 0 1 0 0 0 0 1 1 1 0 0 0 0 0 0 0 1 0 1 1 0 1 0 1 1 0 0 0 1 1 0 1 0 1 1 0 0 1 0 0 0 1 1 0 0 0 0 0 0
6
1 2 3 11 12 13
1 1 1 1 0 0
55
1 2 3 4 5 8 10 11 12 13 14 15 16 17 19 20 21 25 26 34 35 36 39 41 45 48 49 52 54 55 56 57 60 61 62 64 65 68 73 74 75 76 77 78 79 83 84 85 86 87 88 91 92 95 96
1 1 1 1 1 0 1 1 1 1 1 0 1 1 1 1 0 1 1 1 1 1 1 0 1 1 1 0 1 1 1 1 0 1 1 1 0 1 0 1 1 0 1 1 1 1 1 0 1 1 1 1 1 1 1
10
1 2 3 4 5 8 10 11 12 13
0 1 1 1 1 0 1 1 1 1
5
1 2 3 4 5
1 1 1 1 0
19
1 2 3 4 5 8 10 11 12 13 14 15 16 17 19 20 21 25 26
1 1 1 1 1 0 0 1 0 1 1 0 0 1 1 1 0 1 1